##record 
#Record the buying history
# record_2019xxxx <- c("",,"",,"",,"",,"",)
record_20190128 <- c("不讓分富勒姆",2.1,"不讓分狼隊",1.8,"哈艾讓分合局",3.5,"大2.5曼聯",1.85,"南水不讓分合局",2.9)
record_20190130 <- c("蜂刺不讓分和局",3.5,"狐鳥總進球4",2.15,"水南不讓分和局",2.9,"車讓分勝",2.2,"尤文不讓分勝",1.75)
record_20190131 <- c("水晶宮不讓分勝",1.8,"艾佛頓不讓分勝",2.05,"班來讓分和",4.25,"海鷗黃蜂和",3.00,"櫻桃不讓分勝",2.1)
record_20190208 <- c("狐狸勝",4.5,"黃蜂讓分和",3.75,"槍手讓分勝",2.45,"水晶宮勝",1.8,"班來布萊頓和",2.85)
record_20190212 <- c("PSG曼聯大3.5",2.6,"波圖勝",3.30,"南特康城和",2.75,"多特熱刺和局",3.10,"切爾西MALD大3.5",2.45)
record_20190222 <- c("黃蜂不讓分勝",2.15,"槌子讓分和",3.50,"櫻桃不讓分勝",2.50,"狐狸不讓分勝",1.95,"南安槍手2-3球",1.85)
record_20190226 <- c("太妃糖讓分和",3.50,"南安讓分和",3.50,"紐卡不讓分勝",1.85,"車車不讓分勝",2.00,"曼聯水晶宮和局",3.20)
